function clrs = getColors()

clrs.rhit = [0 0.4470 0.7410];
clrs.lhit = [0.6350 0.0780 0.1840];
clrs.rhit_aw = [35, 166, 252] ./ 255;
clrs.lhit_aw = [245, 61, 96] ./ 255;
clrs.rmiss = [0 154 255]./255;
clrs.lmiss = [255 77 0]./255;


clrs.null = [62, 168, 105]./255;
clrs.potent = [255, 56, 140]./255;

end